BlnX 2019 2 1 1.8 0.5
BlnX 2019 2 2 2.2 -0.2
BlnX 2019 2 3 5.6 -1.4
BlnX 2019 2 4 4.1 0.1
BlnX 2019 2 5 6.8 0.7
BlnX 2019 2 6 5.3 -0.7
BlnX 2019 2 7 8.5 2.6
BlnX 2019 2 8 11.2 5.3
BlnX 2019 2 9 9 4.3
BlnX 2019 2 10 7.2 1.3
BlnX 2019 2 11 6.1 2.1
BlnX 2019 2 12 8.3 4
BlnX 2019 2 13 11.2 3.1
BlnX 2019 2 14 15.2 0.3
BlnX 2019 2 15 16.6 -0.5
BlnX 2019 2 16 14.2 0.8
BlnX 2019 2 17 15.2 0.1
BlnX 2019 2 18 10 4.5
BlnX 2019 2 19 10.2 5.9
BlnX 2019 2 20 10.9 6.3
BlnX 2019 2 21 8.7 -2
BlnX 2019 2 22 4.9 -3.7
BlnX 2019 2 23 13.1 -2.6
BlnX 2019 2 24 13.9 1
BlnX 2019 2 25 11.7 3.7
BlnX 2019 2 26 16.6 0.7
BlnX 2019 2 27 12.8 3.4
BlnX 2019 2 28 5.8 3.3
BlnX 2019 3 1 5.7 2.8
BlnX 2019 3 2 11.7 4.6
BlnX 2019 3 3 15.1 6.5
BlnX 2019 3 4 9.4 3.1
BlnX 2019 3 5 12.6 1.2
BlnX 2019 3 6 16.7 7.9
BlnX 2019 3 7 9.6 4.8
BlnX 2019 3 8 12 4.7
BlnX 2019 3 9 7.8 0.6
BlnX 2019 3 10 6 1.7
BlnX 2019 3 11 8.9 1.7
BlnX 2019 3 12 9.8 5.1
BlnX 2019 3 13 8.5 4
BlnX 2019 3 14 9.8 5.8
BlnX 2019 3 15 9.2 4.9
BlnX 2019 3 16 12.8 4.3
BlnX 2019 3 17 9.5 3.3
BlnX 2019 3 18 8.6 2.5
BlnX 2019 3 19 12.9 -0.4
BlnX 2019 3 20 12.2 6.8
BlnX 2019 3 21 10.5 6.2
BlnX 2019 3 22 16.9 4.5
BlnX 2019 3 23 11.7 3.2
BlnX 2019 3 24 8.5 1.5
BlnX 2019 3 25 7.9 2.1
BlnX 2019 3 26 10.6 4.1
BlnX 2019 3 27 10.1 8.2
BlnX 2019 3 28 12.3 6.6
BlnX 2019 3 29 18.8 3.8
BlnX 2019 3 30 12.5 1.6
BlnX 2019 3 31 11.3 -1.7
BlnX 2019 4 1 15.1 1.7
BlnX 2019 4 2 19.1 7.2
BlnX 2019 4 3 20.6 8.1
BlnX 2019 4 4 14.9 6.2
BlnX 2019 4 5 20.9 7.6
BlnX 2019 4 6 19 7.2
BlnX 2019 4 7 19.3 4.6
BlnX 2019 4 8 11 2.7
BlnX 2019 4 9 9.5 0.4
BlnX 2019 4 10 6.4 0.2
BlnX 2019 4 11 4.5 2.1
BlnX 2019 4 12 7.1 2.2
BlnX 2019 4 13 10.3 2.5
BlnX 2019 4 14 12.9 1.3
BlnX 2019 4 15 15.5 1.5
BlnX 2019 4 16 17.4 2.5
BlnX 2019 4 17 20.2 5.9
BlnX 2019 4 18 21.4 8.3
BlnX 2019 4 19 21 5.1
BlnX 2019 4 20 21.1 6.1
BlnX 2019 4 21 18.6 7.3
BlnX 2019 4 22 18.8 9.8
BlnX 2019 4 23 23 12.3
BlnX 2019 4 24 25.8 13.7
BlnX 2019 4 25 25.4 10.7
BlnX 2019 4 26 17.9 9.8
BlnX 2019 4 27 13.3 8.4
BlnX 2019 4 28 17.1 5.7
BlnX 2019 4 29 18.1 3.5
BlnX 2019 4 30 17.5 8.1
BlnX 2019 5 1 13.5 7.3
BlnX 2019 5 2 11.9 5.5
BlnX 2019 5 3 11 2.5
BlnX 2019 5 4 12.4 1.2
BlnX 2019 5 5 13.2 3.6
BlnX 2019 5 6 13.2 4.3
BlnX 2019 5 7 18.1 2.8
BlnX 2019 5 8 18.2 10.4
BlnX 2019 5 9 16.6 8.6
BlnX 2019 5 10 14.8 6.9
BlnX 2019 5 11 17.2 6
BlnX 2019 5 12 15.9 5
BlnX 2019 5 13 13.5 4.1
BlnX 2019 5 14 13.1 1.4
BlnX 2019 5 15 11.6 6.5
BlnX 2019 5 16 19.5 6
BlnX 2019 5 17 24.6 10.2
BlnX 2019 5 18 25.8 11.3
BlnX 2019 5 19 25 13.2
BlnX 2019 5 20 24.1 11.5
BlnX 2019 5 21 15.7 11.6
BlnX 2019 5 22 19.2 8.4
BlnX 2019 5 23 23.7 10.6
BlnX 2019 5 24 15.9 10.9
BlnX 2019 5 25 21.5 8.6
BlnX 2019 5 26 22 15.6
BlnX 2019 5 27 19.6 9
BlnX 2019 5 28 18.1 8.3
BlnX 2019 5 29 23.3 7
BlnX 2019 5 30 24.8 14
BlnX 2019 5 31 27.9 15.5
BlnX 2019 6 1 31.2 14.9
BlnX 2019 6 2 33.9 18.8
BlnX 2019 6 3 30.9 18.5
BlnX 2019 6 4 33.7 17.3
BlnX 2019 6 5 31.2 15.1
BlnX 2019 6 6 25.1 13.8
BlnX 2019 6 7 22.5 14.5
BlnX 2019 6 8 25.9 12.4
BlnX 2019 6 9 26.9 15.2
BlnX 2019 6 10 29.3 17.5
BlnX 2019 6 11 32.9 17.1
BlnX 2019 6 12 24.7 15.5
BlnX 2019 6 13 29.5 14.4
BlnX 2019 6 14 31.7 18
BlnX 2019 6 15 22.3 15
BlnX 2019 6 16 26.4 16
BlnX 2019 6 17 29.1 15.7
BlnX 2019 6 18 32 16.9
BlnX 2019 6 19 25.9 18.3
BlnX 2019 6 20 25.2 16.7
BlnX 2019 6 21 25.8 14.5
BlnX 2019 6 22 27.8 13.7
BlnX 2019 6 23 29.8 15
BlnX 2019 6 24 33.6 19.4
BlnX 2019 6 25 37.4 20.1
BlnX 2019 6 26 25.6 15
BlnX 2019 6 27 24.8 13.3
BlnX 2019 6 28 31.7 13.9
BlnX 2019 6 29 38.3 16.5
BlnX 2019 6 30 29.1 17
BlnX 2019 7 1 21.9 13.8
BlnX 2019 7 2 20.6 11.2
BlnX 2019 7 3 23.1 10.9
BlnX 2019 7 4 21 15.7
BlnX 2019 7 5 23.5 13.6
BlnX 2019 7 6 19.5 12
BlnX 2019 7 7 17.8 11.7
BlnX 2019 7 8 18.6 10.1
BlnX 2019 7 9 22.6 10.4
BlnX 2019 7 10 24.1 10.4
BlnX 2019 7 11 21.9 16.3
BlnX 2019 7 12 25.5 15.3
BlnX 2019 7 13 21.3 15.1
BlnX 2019 7 14 17.9 13.8
BlnX 2019 7 15 21.3 13.4
BlnX 2019 7 16 24.5 12.2
BlnX 2019 7 17 27.4 12.8
BlnX 2019 7 18 25 16.3
BlnX 2019 7 19 30.1 14.4
BlnX 2019 7 20 27.3 16.9
BlnX 2019 7 21 25.3 15.9
BlnX 2019 7 22 30.6 18.1
BlnX 2019 7 23 32.5 18.2
BlnX 2019 7 24 33.5 18.6
BlnX 2019 7 25 31.3 19
BlnX 2019 7 26 29 19.2
BlnX 2019 7 27 31.5 18
BlnX 2019 7 28 33.9 21.3
BlnX 2019 7 29 27.2 19.6
BlnX 2019 7 30 24.1 15.6
BlnX 2019 7 31 24.6 15.2
BlnX 2019 8 1 25.4 13.7
BlnX 2019 8 2 25.8 14.7
BlnX 2019 8 3 24.5 15.3
BlnX 2019 8 4 24.8 13.9
BlnX 2019 8 5 28.4 17.6
BlnX 2019 8 6 25.8 17.4
BlnX 2019 8 7 27.2 15.8
BlnX 2019 8 8 28.1 14.4
BlnX 2019 8 9 27.8 20.3
BlnX 2019 8 10 28.8 17.5
BlnX 2019 8 11 23.3 17.9
BlnX 2019 8 12 23 14
BlnX 2019 8 13 22.3 13.7
BlnX 2019 8 14 22.7 12.3
BlnX 2019 8 15 23.6 15.1
BlnX 2019 8 16 27.8 14.7
BlnX 2019 8 17 26.5 17.5
BlnX 2019 8 18 24.6 14.6
BlnX 2019 8 19 25.1 11.6
BlnX 2019 8 20 23.8 13
BlnX 2019 8 21 26.4 11.5
BlnX 2019 8 22 28.1 12.8
BlnX 2019 8 23 29.6 14
BlnX 2019 8 24 31.1 19.1
BlnX 2019 8 25 31.6 18.5
BlnX 2019 8 26 32.1 18.7
BlnX 2019 8 27 33.6 19.4
BlnX 2019 8 28 30.8 18.5
BlnX 2019 8 29 29.9 20
BlnX 2019 8 30 33.7 19.7
BlnX 2019 8 31 30.4 16.9
BlnX 2019 9 1 21.7 12.9
BlnX 2019 9 2 21.4 10.2
BlnX 2019 9 3 27.3 14.8
BlnX 2019 9 4 22.1 12.3
BlnX 2019 9 5 20.7 9.7
BlnX 2019 9 6 NA NA
BlnX 2019 9 7 NA NA
BlnX 2019 9 8 NA NA
BlnX 2019 9 9 20.2 11.5
BlnX 2019 9 10 22.8 8.3
BlnX 2019 9 11 22.4 14.7
BlnX 2019 9 12 22.7 11.7
BlnX 2019 9 13 19.2 8.2
BlnX 2019 9 14 24.1 9.9
BlnX 2019 9 15 16.2 12.7
BlnX 2019 9 16 15.3 9.1
BlnX 2019 9 17 16.4 7.6
BlnX 2019 9 18 16.3 7.2
BlnX 2019 9 19 17.2 6.9
BlnX 2019 9 20 22.2 7.4
BlnX 2019 9 21 25.1 8.1
BlnX 2019 9 22 22.9 8.5
BlnX 2019 9 23 18.5 12.9
BlnX 2019 9 24 17.1 11.2
BlnX 2019 9 25 20.5 10.1
BlnX 2019 9 26 17.1 12
BlnX 2019 9 27 18.7 11.7
BlnX 2019 9 28 16.9 12.9
BlnX 2019 9 29 17.3 10.9
BlnX 2019 9 30 17.3 10.7
BlnX 2019 10 1 13.9 7.4
BlnX 2019 10 2 12.4 7.5
BlnX 2019 10 3 11.4 4.7
BlnX 2019 10 4 11.7 4.5
BlnX 2019 10 5 11.4 2.3
BlnX 2019 10 6 12.4 0.4
BlnX 2019 10 7 13.2 5.3
BlnX 2019 10 8 16 10
BlnX 2019 10 9 15.4 9.6
BlnX 2019 10 10 15.8 9.6
BlnX 2019 10 11 19.9 14.5
BlnX 2019 10 12 24.5 14.7
BlnX 2019 10 13 22.7 15
BlnX 2019 10 14 21.8 11.7
BlnX 2019 10 15 14.5 10.2
BlnX 2019 10 16 18 12.2
BlnX 2019 10 17 19.3 10.2
BlnX 2019 10 18 16.2 9.3
BlnX 2019 10 19 20.5 11.5
BlnX 2019 10 20 18.4 10.4
BlnX 2019 10 21 18.1 8.4
BlnX 2019 10 22 17.1 6.3
BlnX 2019 10 23 16.9 11.6
BlnX 2019 10 24 18.3 11.8
BlnX 2019 10 25 18.1 11.1
BlnX 2019 10 26 16.7 6.2
BlnX 2019 10 27 12.2 5.5
BlnX 2019 10 28 9.4 1.4
BlnX 2019 10 29 9.1 -1.7
BlnX 2019 10 30 7.1 -2.9
BlnX 2019 10 31 6.8 -1.9
BlnX 2019 11 1 16.3 6.8
BlnX 2019 11 2 12.7 8
BlnX 2019 11 3 12.9 8.5
BlnX 2019 11 4 11.3 8.2
BlnX 2019 11 5 9.1 6.1
BlnX 2019 11 6 11.4 5.9
BlnX 2019 11 7 10 2.7
BlnX 2019 11 8 7.8 4.8
BlnX 2019 11 9 9.6 2.2
BlnX 2019 11 10 7.1 0.4
BlnX 2019 11 11 7.3 1
BlnX 2019 11 12 6.8 3.6
BlnX 2019 11 13 8.9 3.5
BlnX 2019 11 14 9.5 3.9
BlnX 2019 11 15 8.9 2
BlnX 2019 11 16 8.5 -1
BlnX 2019 11 17 11.3 4
BlnX 2019 11 18 8.6 4.3
BlnX 2019 11 19 6.2 5
BlnX 2019 11 20 9.8 6.1
BlnX 2019 11 21 10.1 6.8
BlnX 2019 11 22 8.2 2.8
BlnX 2019 11 23 6.5 2.9
BlnX 2019 11 24 4.9 3.6
BlnX 2019 11 25 8.1 3.9
BlnX 2019 11 26 7.9 4.9
BlnX 2019 11 27 12.6 7.4
BlnX 2019 11 28 9.5 0.1
BlnX 2019 11 29 4.9 -1.2
BlnX 2019 11 30 3.7 1.2
BlnX 2019 12 1 4.7 1.6
BlnX 2019 12 2 5.7 -0.8
BlnX 2019 12 3 7.3 0.1
BlnX 2019 12 4 4.6 -1.2
BlnX 2019 12 5 5.7 -0.3
BlnX 2019 12 6 9.7 5.8
BlnX 2019 12 7 11.3 7.7
BlnX 2019 12 8 9.8 4.7
BlnX 2019 12 9 6.2 1
BlnX 2019 12 10 4.3 0.7
BlnX 2019 12 11 4 0.9
BlnX 2019 12 12 2.8 -0.5
BlnX 2019 12 13 5.7 2.2
BlnX 2019 12 14 9.8 2.5
BlnX 2019 12 15 8.1 4.3
BlnX 2019 12 16 11.9 4.7
BlnX 2019 12 17 12 0.3
BlnX 2019 12 18 7.4 0.6
BlnX 2019 12 19 10.6 3
BlnX 2019 12 20 10.1 2.3
BlnX 2019 12 21 5.2 0.5
BlnX 2019 12 22 8.4 5
BlnX 2019 12 23 8.3 4.7
BlnX 2019 12 24 6.1 4
BlnX 2019 12 25 5.9 3.9
BlnX 2019 12 26 4.4 1.1
BlnX 2019 12 27 2.3 -1.4
BlnX 2019 12 28 2.2 -3.6
BlnX 2019 12 29 7.1 1.6
BlnX 2019 12 30 7.5 4.4
BlnX 2019 12 31 5.6 -1.7
BlnX 2020 1 1 6.7 -3.6
BlnX 2020 1 2 7.2 1.6
BlnX 2020 1 3 5.7 1.7
BlnX 2020 1 4 3.8 -0.6
BlnX 2020 1 5 7.2 2.4
BlnX 2020 1 6 5.8 -0.4
BlnX 2020 1 7 8.4 3.3
BlnX 2020 1 8 10 7.2
BlnX 2020 1 9 11.4 4.6
BlnX 2020 1 10 7 2.5
BlnX 2020 1 11 6.3 1.3
BlnX 2020 1 12 8.2 2.1
BlnX 2020 1 13 10.2 2.1
BlnX 2020 1 14 13.9 8.2
BlnX 2020 1 15 11.4 3.8
BlnX 2020 1 16 9.3 1.2
BlnX 2020 1 17 7.1 3.9
BlnX 2020 1 18 5 3.4
BlnX 2020 1 19 4.7 0.1
BlnX 2020 1 20 6.8 -0.4
BlnX 2020 1 21 6.1 2.7
BlnX 2020 1 22 6.2 0
BlnX 2020 1 23 3.9 -2.5
BlnX 2020 1 24 1.6 -0.2
BlnX 2020 1 25 0.8 -1.7
BlnX 2020 1 26 9.1 0.7
BlnX 2020 1 27 8.8 2.6
BlnX 2020 1 28 6.5 3.2
BlnX 2020 1 29 8.6 2.3
BlnX 2020 1 30 11.3 6.4
BlnX 2020 1 31 12.7 8
BlnX 2020 2 1 8.9 5.7
BlnX 2020 2 2 9.8 5.6
BlnX 2020 2 3 6.8 3.5
BlnX 2020 2 4 5.6 1.8
BlnX 2020 2 5 6.3 2.6
BlnX 2020 2 6 6.5 5
BlnX 2020 2 7 9 1.1
BlnX 2020 2 8 13.7 5.5
BlnX 2020 2 9 14 3.8
BlnX 2020 2 10 6.8 3.4
BlnX 2020 2 11 6.8 3.2
BlnX 2020 2 12 5.9 1.4
BlnX 2020 2 13 6 1.9
BlnX 2020 2 14 11 0.9
BlnX 2020 2 15 16 7.6
BlnX 2020 2 16 11.5 7.1
BlnX 2020 2 17 8.3 5
BlnX 2020 2 18 6.5 3.4
BlnX 2020 2 19 7.8 1.7
BlnX 2020 2 20 8.2 4.2
BlnX 2020 2 21 12.6 5.8
BlnX 2020 2 22 8.5 3.9
BlnX 2020 2 23 7.8 3.7
BlnX 2020 2 24 10.3 4.2
BlnX 2020 2 25 4.4 1.2
BlnX 2020 2 26 5.8 1.7
BlnX 2020 2 27 7.9 1.4
BlnX 2020 2 28 12 1
BlnX 2020 2 29 10.3 4.4
